Vm = [-1 0.3 1.5 2.5 3.2];
Im = [1.1 2.2 2.1 3.2 4.7]*1e-3;
plot(Vm, Im, 'o-')
C = polyfit(Vm,Im,2)

C =

    0.0002    0.0004    0.0015

V = -1:0.01:3.2;
I = C(1)*x^2+C(2)*x+C(3)
{Undefined function or variable 'x'.
} 
I = C(1)*V.^2+C(2)*V+C(3)

I =

  Columns 1 through 9

    0.0013    0.0013    0.0013    0.0013    0.0013    0.0013    0.0013    0.0013    0.0013

  Columns 10 through 18

    0.0013    0.0013    0.0013    0.0013    0.0013    0.0013    0.0013    0.0013    0.0013

  Columns 19 through 27

    0.0013    0.0013    0.0013    0.0013    0.0013    0.0013    0.0013    0.0013    0.0013

  Columns 28 through 36

    0.0013    0.0013    0.0013    0.0013    0.0013    0.0013    0.0013    0.0013    0.0013

  Columns 37 through 45

    0.0013    0.0013    0.0013    0.0013    0.0013    0.0013    0.0013    0.0014    0.0014

  Columns 46 through 54

    0.0014    0.0014    0.0014    0.0014    0.0014    0.0014    0.0014    0.0014    0.0014

  Columns 55 through 63

    0.0014    0.0014    0.0014    0.0014    0.0014    0.0014    0.0014    0.0014    0.0014

  Columns 64 through 72

    0.0014    0.0014    0.0014    0.0014    0.0014    0.0014    0.0014    0.0014    0.0014

  Columns 73 through 81

    0.0014    0.0014    0.0014    0.0014    0.0014    0.0014    0.0014    0.0014    0.0014

  Columns 82 through 90

    0.0014    0.0014    0.0014    0.0014    0.0015    0.0015    0.0015    0.0015    0.0015

  Columns 91 through 99

    0.0015    0.0015    0.0015    0.0015    0.0015    0.0015    0.0015    0.0015    0.0015

  Columns 100 through 108

    0.0015    0.0015    0.0015    0.0015    0.0015    0.0015    0.0015    0.0015    0.0015

  Columns 109 through 117

    0.0015    0.0015    0.0015    0.0015    0.0015    0.0016    0.0016    0.0016    0.0016

  Columns 118 through 126

    0.0016    0.0016    0.0016    0.0016    0.0016    0.0016    0.0016    0.0016    0.0016

  Columns 127 through 135

    0.0016    0.0016    0.0016    0.0016    0.0016    0.0016    0.0016    0.0016    0.0016

  Columns 136 through 144

    0.0017    0.0017    0.0017    0.0017    0.0017    0.0017    0.0017    0.0017    0.0017

  Columns 145 through 153

    0.0017    0.0017    0.0017    0.0017    0.0017    0.0017    0.0017    0.0017    0.0017

  Columns 154 through 162

    0.0017    0.0018    0.0018    0.0018    0.0018    0.0018    0.0018    0.0018    0.0018

  Columns 163 through 171

    0.0018    0.0018    0.0018    0.0018    0.0018    0.0018    0.0018    0.0018    0.0018

  Columns 172 through 180

    0.0018    0.0019    0.0019    0.0019    0.0019    0.0019    0.0019    0.0019    0.0019

  Columns 181 through 189

    0.0019    0.0019    0.0019    0.0019    0.0019    0.0019    0.0019    0.0020    0.0020

  Columns 190 through 198

    0.0020    0.0020    0.0020    0.0020    0.0020    0.0020    0.0020    0.0020    0.0020

  Columns 199 through 207

    0.0020    0.0020    0.0020    0.0020    0.0021    0.0021    0.0021    0.0021    0.0021

  Columns 208 through 216

    0.0021    0.0021    0.0021    0.0021    0.0021    0.0021    0.0021    0.0021    0.0022

  Columns 217 through 225

    0.0022    0.0022    0.0022    0.0022    0.0022    0.0022    0.0022    0.0022    0.0022

  Columns 226 through 234

    0.0022    0.0022    0.0022    0.0023    0.0023    0.0023    0.0023    0.0023    0.0023

  Columns 235 through 243

    0.0023    0.0023    0.0023    0.0023    0.0023    0.0023    0.0024    0.0024    0.0024

  Columns 244 through 252

    0.0024    0.0024    0.0024    0.0024    0.0024    0.0024    0.0024    0.0024    0.0024

  Columns 253 through 261

    0.0025    0.0025    0.0025    0.0025    0.0025    0.0025    0.0025    0.0025    0.0025

  Columns 262 through 270

    0.0025    0.0025    0.0026    0.0026    0.0026    0.0026    0.0026    0.0026    0.0026

  Columns 271 through 279

    0.0026    0.0026    0.0026    0.0027    0.0027    0.0027    0.0027    0.0027    0.0027

  Columns 280 through 288

    0.0027    0.0027    0.0027    0.0027    0.0027    0.0028    0.0028    0.0028    0.0028

  Columns 289 through 297

    0.0028    0.0028    0.0028    0.0028    0.0028    0.0028    0.0029    0.0029    0.0029

  Columns 298 through 306

    0.0029    0.0029    0.0029    0.0029    0.0029    0.0029    0.0030    0.0030    0.0030

  Columns 307 through 315

    0.0030    0.0030    0.0030    0.0030    0.0030    0.0030    0.0031    0.0031    0.0031

  Columns 316 through 324

    0.0031    0.0031    0.0031    0.0031    0.0031    0.0031    0.0032    0.0032    0.0032

  Columns 325 through 333

    0.0032    0.0032    0.0032    0.0032    0.0032    0.0032    0.0033    0.0033    0.0033

  Columns 334 through 342

    0.0033    0.0033    0.0033    0.0033    0.0033    0.0033    0.0034    0.0034    0.0034

  Columns 343 through 351

    0.0034    0.0034    0.0034    0.0034    0.0034    0.0035    0.0035    0.0035    0.0035

  Columns 352 through 360

    0.0035    0.0035    0.0035    0.0035    0.0036    0.0036    0.0036    0.0036    0.0036

  Columns 361 through 369

    0.0036    0.0036    0.0036    0.0037    0.0037    0.0037    0.0037    0.0037    0.0037

  Columns 370 through 378

    0.0037    0.0037    0.0038    0.0038    0.0038    0.0038    0.0038    0.0038    0.0038

  Columns 379 through 387

    0.0038    0.0039    0.0039    0.0039    0.0039    0.0039    0.0039    0.0039    0.0040

  Columns 388 through 396

    0.0040    0.0040    0.0040    0.0040    0.0040    0.0040    0.0040    0.0041    0.0041

  Columns 397 through 405

    0.0041    0.0041    0.0041    0.0041    0.0041    0.0042    0.0042    0.0042    0.0042

  Columns 406 through 414

    0.0042    0.0042    0.0042    0.0043    0.0043    0.0043    0.0043    0.0043    0.0043

  Columns 415 through 421

    0.0043    0.0044    0.0044    0.0044    0.0044    0.0044    0.0044

I = C(1)*V.^2+C(2)*V+C(3);
plot(Vm,Im,'o',V,I)
I = C(1)*x.^2+C(2)*x+C(3);
{Undefined function or variable 'x'.
} 
I = C(1)*V.^3+C(2)*V.^2+C(3)*V+C(4);
{Index exceeds array bounds.
} 
I = C(1)*V.^3+C(2)*V.^2+C(3)*V+C(4);
{Index exceeds array bounds.
} 
I = C(1)*V.^3+C(2)*V.^2+C(3)*V+C(4);
{Index exceeds array bounds.
} 
I = C(1)*V.^3+C(2)*V.^2+C(3)*V+C(4);
{Index exceeds array bounds.
} 
C

C =

    0.0002    0.0004    0.0015

C = polyfit(Vm,Im,3)

C =

    0.0002   -0.0004    0.0003    0.0021

I = C(1)*V.^3+C(2)*V.^2+C(3)*V+C(4);
plot(Vm,Im,'o',V,I)
I = polyval(C,V)

I =

  Columns 1 through 8

    0.0011    0.0011    0.0011    0.0012    0.0012    0.0012    0.0012    0.0012

  Columns 9 through 16

    0.0012    0.0013    0.0013    0.0013    0.0013    0.0013    0.0013    0.0014

  Columns 17 through 24

    0.0014    0.0014    0.0014    0.0014    0.0014    0.0014    0.0015    0.0015

  Columns 25 through 32

    0.0015    0.0015    0.0015    0.0015    0.0015    0.0015    0.0016    0.0016

  Columns 33 through 40

    0.0016    0.0016    0.0016    0.0016    0.0016    0.0016    0.0016    0.0017

  Columns 41 through 48

    0.0017    0.0017    0.0017    0.0017    0.0017    0.0017    0.0017    0.0017

  Columns 49 through 56

    0.0017    0.0018    0.0018    0.0018    0.0018    0.0018    0.0018    0.0018

  Columns 57 through 64

    0.0018    0.0018    0.0018    0.0018    0.0019    0.0019    0.0019    0.0019

  Columns 65 through 72

    0.0019    0.0019    0.0019    0.0019    0.0019    0.0019    0.0019    0.0019

  Columns 73 through 80

    0.0019    0.0019    0.0019    0.0020    0.0020    0.0020    0.0020    0.0020

  Columns 81 through 88

    0.0020    0.0020    0.0020    0.0020    0.0020    0.0020    0.0020    0.0020

  Columns 89 through 96

    0.0020    0.0020    0.0020    0.0020    0.0020    0.0020    0.0020    0.0021

  Columns 97 through 104

    0.0021    0.0021    0.0021    0.0021    0.0021    0.0021    0.0021    0.0021

  Columns 105 through 112

    0.0021    0.0021    0.0021    0.0021    0.0021    0.0021    0.0021    0.0021

  Columns 113 through 120

    0.0021    0.0021    0.0021    0.0021    0.0021    0.0021    0.0021    0.0021

